strategic_region={
	id=170
	name="STRATEGICREGION_170"
	provinces={
		650 1446 1449 1524 1529 1542 1555 1568 1583 1585 1596 1598 1613 1624 1626 1639 1641 1654 1979 2007 2035 2106 2109 2111 2132 2136 2142 2147 2149 2150 2152 2153 2156 2158 2160 2161 2162 2164 2167 2168 2169 2172 2173 2174 2175 2178 2179 2181 2182 2185 2190 2194 2195 2198 2199 2204 2208 2209 2210 2212 2214 2215 2218 2224 2225 2226 2227 2228 4436 4457 4533 4548 4570 4573 4575 4587 4589 4602 4604 4617 4643 4816 5083 5107 5110 5112 5115 5118 5120 5121 5131 5143 5146 5148 5151 5152 5153 5156 5159 5162 5163 5165 5166 5167 5168 5169 5171 5172 5173 5174 5178 5179 5182 5184 5186 5188 5190 5191 5192 5194 5200 5201 5202 5204 5208 5209 5213 5215 5216 5218 5219 5220 5223 5228 5229 5230 5232 7476 7500 7550 7553 7561 7581 7589 7594 7621 7636 7638 7827 8050 8075 8129 8140 8143 8148 8149 8157 8160 8161 8169 8172 8175 8176 8177 8179 8181 8184 8185 8187 8189 8190 8191 8192 8194 8195 8196 8197 8198 8199 8203 8208 8210 8211 8213 8215 8216 8217 8218 8222 8224 8225 8226 8227 8229 8231 8233 8238 8239 8240 8242 8251 8253 8254 8255 8913 10345 10347 10360 10362 10375 10390 10392 10402 10405 10418 10419 10432 10447 10502 10513 10515 10792 10874 10888 10924 10926 10931 10933 10934 10935 10938 10939 10940 10942 10943 10944 10945 10946 10947 10952 10953 10956 10959 10960 10961 10964 10965 10967 10970 10973 10975 10980 10981 10982 10984 10985 10986 10987 10989 10992 10994 10996 10998 10999 11000 11001 11002 11003 11005 11007 11008 11009 11010 11021 11022 11023 12306 12321 12334 12336 12349 12351 12364 12379 12394 12396 12409 12422 12438 12440 12453 12466 12468 12479 12481 12494 12496 12729 12770 12825 12853 12869 12901 12902 12903 12909 12913 12914 12916 12917 12919 12920 12922 12923 12928 12930 12933 12937 12938 12939 12942 12943 12946 12947 12951 12952 12953 12954 12959 12961 12964 12965 12969 12970 12972 12973 12977 12978 12979 12982 12983 12984 12987 12994 12996 12997 12998 12999 13000 13083 13086 13134 13174 13175 13195 14339 14340 14342 14346 14487 14489 14490 14491 14492 14493 14494 14495 14496 14497 14498 14499 14500 14501 14502 14503 14504 14505 14506 14507 14509 14511 14512 14514 14515 14516 14517 14518 14519 14520 14521 14602 14603 14613 14614 14615 14616 14617 14618 14619 14620 14621 14622 14623 14624 14625 14626 14629 14630 14631 14632 14633 14634 14635 14636 14637 14638 14639 14640 14641 14642 14643 14644 14645 14646 14647 14648 14649 14650 14651 14652 14653 14654 14655 14656 14657 14658 14659 14660 14661 14662 14663 14664 14697 14698 14699 14700 14701 14702 14712 14713 14714 14715 14716 14717 14718 14719 14720 14721 14722 14723 14724 14725 14726 14727 14728 14729 14730 14731 14732 14733 14734 14735 14736 14737 14738 14739 14740 14752 14753 14754 14755 14756 14757 14758 14759 14760 14761 14762 14763 14764 14765 14766 14767 14768 14769 14770 14771 14772 14773 14774 14775 14776 14777 14778 14779 14780 14781 14782 14783 14784 14785 14786 14787 14788 14789 14876 14877 14878 14879 14880 14881 14882 14883 14884 14885 14886 14887 14888 14889 14890 14891 14892 14893 14894 14895 14896 14897 14898 14899 14900 14901 14902 14903 14904 14930 14931 15052 15053 15054 15055 15056 15057 15209 15210 15211 
	}
	weather={
		period={
			between={ 0.0 30.0 }
			temperature={ -10.0 6.0 }
			no_phenomenon=0.500
			rain_light=1.000
			rain_heavy=0.150
			snow=0.500
			blizzard=0.000
			arctic_water=0.000
			mud=0.300
			sandstorm=0.000
			min_snow_level=0.000
		}
		period={
			between={ 0.1 27.1 }
			temperature={ -8.0 6.0 }
			no_phenomenon=0.500
			rain_light=1.000
			rain_heavy=0.150
			snow=0.400
			blizzard=0.050
			arctic_water=0.000
			mud=0.300
			sandstorm=0.000
			min_snow_level=0.000
		}
		period={
			between={ 0.2 30.2 }
			temperature={ -4.0 9.0 }
			no_phenomenon=0.500
			rain_light=1.000
			rain_heavy=0.150
			snow=0.350
			blizzard=0.000
			arctic_water=0.000
			mud=0.300
			sandstorm=0.000
			min_snow_level=0.000
		}
		period={
			between={ 0.3 29.3 }
			temperature={ -1.0 12.0 }
			no_phenomenon=0.500
			rain_light=1.000
			rain_heavy=0.150
			snow=0.150
			blizzard=0.000
			arctic_water=0.000
			mud=0.300
			sandstorm=0.000
			min_snow_level=0.000
		}
		period={
			between={ 0.4 30.4 }
			temperature={ 0.0 14.0 }
			no_phenomenon=0.500
			rain_light=1.000
			rain_heavy=0.150
			snow=0.050
			blizzard=0.000
			arctic_water=0.000
			mud=0.300
			sandstorm=0.000
			min_snow_level=0.000
		}
		period={
			between={ 0.5 29.5 }
			temperature={ 4.0 16.0 }
			no_phenomenon=0.500
			rain_light=1.000
			rain_heavy=0.150
			snow=0.000
			blizzard=0.000
			arctic_water=0.000
			mud=0.300
			sandstorm=0.000
			min_snow_level=0.000
		}
		period={
			between={ 0.6 30.6 }
			temperature={ 6.0 20.0 }
			no_phenomenon=0.500
			rain_light=1.000
			rain_heavy=0.150
			snow=0.000
			blizzard=0.000
			arctic_water=0.000
			mud=0.300
			sandstorm=0.000
			min_snow_level=0.000
		}
		period={
			between={ 0.7 30.7 }
			temperature={ 7.0 20.0 }
			no_phenomenon=0.500
			rain_light=1.000
			rain_heavy=0.150
			snow=0.000
			blizzard=0.000
			arctic_water=0.000
			mud=0.300
			sandstorm=0.000
			min_snow_level=0.000
		}
		period={
			between={ 0.8 29.8 }
			temperature={ 4.0 18.0 }
			no_phenomenon=0.500
			rain_light=1.000
			rain_heavy=0.150
			snow=0.000
			blizzard=0.000
			arctic_water=0.000
			mud=0.300
			sandstorm=0.000
			min_snow_level=0.000
		}
		period={
			between={ 0.9 30.9 }
			temperature={ -1.0 14.0 }
			no_phenomenon=0.500
			rain_light=1.000
			rain_heavy=0.150
			snow=0.250
			blizzard=0.000
			arctic_water=0.000
			mud=0.300
			sandstorm=0.000
			min_snow_level=0.000
		}
		period={
			between={ 0.10 29.10 }
			temperature={ -1.0 9.0 }
			no_phenomenon=0.500
			rain_light=1.000
			rain_heavy=0.350
			snow=0.210
			blizzard=0.000
			arctic_water=0.000
			mud=0.300
			sandstorm=0.000
			min_snow_level=0.000
		}
		period={
			between={ 0.11 30.11 }
			temperature={ -7.0 6.0 }
			no_phenomenon=0.500
			rain_light=1.000
			rain_heavy=0.150
			snow=0.400
			blizzard=0.000
			arctic_water=0.000
			mud=0.300
			sandstorm=0.000
			min_snow_level=0.000
		}
	}
}
