2 4 9340 9240 9317 11291 
1 5 3152 567 83 3174 11291 
1 4 11291 308 6178 9221 
1 4 9340 10323 11222 341 
1 2 9340 15110 
1 4 15110 3525 6322 3296 
1 2 15110 6222 
1 4 6222 6376 6229 9357 
1 3 9357 9404 3320 
1 2 9357 6296 
1 4 3254 11312 3272 6296 
1 3 6376 9483 3354 
1 3 3296 3319 9262 
1 2 3354 9262 
1 3 3288 6314 3354 
1 3 6332 11265 3288 
1 6 6332 14542 6402 3380 13265 362 
1 3 14542 395 3384 
1 2 3384 3254 
1 5 3254 11386 15068 9372 6375 
1 4 3320 6340 277 11370 
1 3 11370 11216 360 
1 5 11370 294 6220 9241 11241 
1 4 9241 11220 6354 11271 
1 5 11271 6233 6344 13738 9288 
1 5 11503 11285 13725 13737 360 
1 5 3392 11528 6415 560 11503 
1 3 3392 12904 11247 
1 3 12904 9544 402 
1 3 402 524 3544 
1 3 3544 9400 9508 
1 5 3544 467 6416 11430 9427 
1 3 6416 3458 3559 
1 3 3559 11399 6580 
1 6 9508 5095 9546 11558 6462 9570 
1 4 11558 9532 3460 6558 
1 3 6580 536 11479 
1 3 11479 491 9454 
1 6 9454 3483 6509 3511 9533 11514 
1 3 9533 476 9481 
1 4 11514 550 504 525 
1 6 525 489 14318 3568 546 9288 
1 7 525 3494 11438 458 3452 6451 11561 
1 3 3452 3403 11546 
1 4 11546 11703 9698 11670 
1 4 11561 9419 11422 11405 
1 2 11422 11437 
1 6 11405 3399 429 6776 3466 6474 
1 5 3466 486 11461 3531 418 
1 3 6474 6505 9461 
1 5 3580 558 3492 9449 418 
1 4 3580 11244 11310 9355 
1 6 11244 457 3554 9579 6477 413 
1 4 9355 9384 6411 3335 
1 3 306 11290 11220 
1 7 306 3362 6387 9399 3279 6303 11349 
1 5 9355 9411 11242 3292 6262 
1 6 6262 6396 6290 9348 6414 6380 
1 4 11349 11326 11250 6245 
1 7 11349 11326 11250 344 3259 14316 6380 
1 7 3335 3364 343 315 11229 9342 9288 
1 8 341 222 13267 3310 11392 9319 9234 11109 
1 4 11109 117 3072 6095 
1 5 3151 149 11068 9164 6095 
1 10 3151 3060 9100 9206 6186 3061 3161 204 6009 11105 
1 6 6380 14313 6283 9345 11205 121 
1 11 6380 14313 301 11362 6316 9311 3370 3268 6392 6299 11375 
1 8 11375 6327 9325 3383 3282 9259 3315 6338 
1 7 6338 372 11339 11273 6404 9299 11225 
1 12 6338 260 404 3394 3300 6388 6278 12244 1365 390 4372 7375 
1 6 7375 11228 237 4758 12567 1821 
1 5 1821 307 12584 7285 9292 
1 7 307 12102 1387 7846 7774 3472 13356 
1 4 13356 12652 1709 10696 
1 9 14199 10211 4238 1229 4369 7357 4340 10213 9292 
1 10 14199 10239 7425 4250 4389 4595 12385 14193 4773 12583 
1 2 14188 12583 
1 4 12583 7706 1459 7682 
1 5 7682 13361 4629 1216 1384 
1 14 105 16469 16453 16446 16430 10579 4298 12587 12175 11111 3127 6025 1336 7375 
1 14 121 11166 9188 6143 11213 9131 9199 75 72 9130 3130 11171 312 3338 
1 4 3134 11183 6117 13665 
1 20 3134 116 3012 11088 6181 3121 9162 3008 86 3189 9195 94 9045 9055 11038 3092 9248 3168 312 3338 
1 14 6095 70 11059 9190 6057 90 11159 9118 6094 11092 155 11175 6021 94 
1 10 13665 9140 6012 6183 6128 3107 11204 6087 162 11164 
1 9 11164 11081 158 11121 195 9156 3172 11065 3122 
1 6 3122 11126 3117 169 6066 3083 
1 4 3083 9194 9129 11105 
1 4 6050 6209 9228 3083 
1 10 413 3527 510 3504 6528 11451 6454 11527 5011 3529 
1 6 3529 11484 6575 11395 6539 3578 
1 20 3529 5011 11527 6454 11451 6528 9529 6553 9448 6317 6369 9394 9273 3356 9330 9395 6290 9348 6414 6380 
1 7 3529 498 3439 6463 11579 9735 9753 
1 8 3529 9504 3505 3489 509 484 11418 9417 
1 4 9461 9446 9430 9417 
1 5 9417 11559 765 3752 3734 
1 7 3686 6704 9677 9680 6741 11729 3734 
1 3 11546 11683 3755 
1 4 3755 737 568 3722 
1 4 3722 6724 13251 6704 
1 12 3734 6768 6781 9742 9688 748 6753 731 6733 6702 11632 3672 
1 4 3672 666 3682 3668 
1 6 3672 666 3667 14082 14081 12309 
1 6 3668 4463 7624 4458 7495 7661 
1 5 12309 1599 14093 12380 12320 
1 5 11670 6727 3701 14601 687 
1 5 687 3076 6677 11603 9617 
1 3 11603 9614 11597 
1 2 11597 9783 
1 8 949 3971 6982 3819 6842 9769 9919 9783 
1 3 6982 6952 6814 
1 2 3819 3796 
1 4 949 935 907 3882 
1 3 935 6886 13604 
1 3 9874 9906 11887 
1 4 9906 6998 11583 11586 
1 2 6970 6998 
1 3 9621 6643 11787 
1 3 11586 3614 11787 
1 5 11899 6799 606 11580 11586 
1 3 606 11577 6647 
1 4 11899 13602 11572 9588 
1 5 9588 6619 3596 3592 11581 
1 4 3592 3601 14536 11564 
1 6 11899 11872 9894 11845 9821 9809 
1 2 13597 9821 
1 5 11899 9922 6957 3974 3924 
1 3 3974 984 3943 
1 3 6626 599 11564 
1 2 3592 3654 
1 3 11564 14536 9627 
1 2 6643 679 
1 3 6647 3627 11610 
1 4 11610 3680 6703 9660 
1 4 679 6700 684 9660 
1 4 6720 9676 11663 9660 
1 5 3730 3713 13271 716 9660 
1 3 3730 9706 13634 
1 3 9706 6735 11659 
1 2 3713 6751 
1 3 6751 6573 3581 
1 4 6720 3700 14220 11666 
1 5 11666 13207 704 9679 9648 
1 4 9679 6691 3684 688 
1 5 11666 14225 6739 557 3569 
1 6 3569 11401 3718 11556 9421 11542 
1 4 688 3675 13206 671 
1 2 13206 11618 
1 5 663 11601 661 3641 9600 
1 4 663 13371 11604 636 
1 4 6521 375 11359 3522 
1 4 11359 11219 11276 321 
1 5 11219 9294 9320 6257 9347 
1 3 6257 13763 6389 
1 6 6521 3499 14968 9560 6582 3535 
1 3 3535 11481 514 
1 6 6521 14838 11505 3207 6390 6309 
1 3 6582 538 6524 
1 4 3522 9375 526 6377 
1 3 3522 6487 9560 
1 9 6377 3395 405 9509 6535 495 6469 13264 587 
1 2 11560 6488 
1 4 9517 3530 3558 11560 
1 5 11544 9416 3474 482 6524 
1 5 11544 9572 11417 3397 6488 
1 5 11544 11529 9545 6555 9517 
1 5 11544 561 3299 3705 692 
1 4 692 9652 707 688 
1 3 11544 571 3571 
1 5 3571 9555 6418 14679 11542 
1 5 514 6559 14680 6440 11542 
1 4 6488 3524 9443 495 
1 4 11560 11547 14694 11531 
1 2 241 14965 
1 3 14965 3326 14964 
1 4 3326 6349 6325 9347 
1 3 11531 14695 6583 
1 6 6583 11407 9444 3516 13068 516 
1 4 6583 3488 3547 587 
1 4 6583 3629 1346 9503 
1 4 9517 13261 6542 9503 
1 11 9503 1346 3629 9559 5291 6545 3546 11549 11518 11506 9523 
1 4 13068 9574 6496 3262 
1 6 6496 11456 391 6241 6286 9335 
1 2 6241 11456 
1 4 9335 11318 11360 241 
1 2 6583 5291 
1 4 516 13211 3576 13266 
1 8 9523 3549 9578 6599 15178 15177 3579 6449 
1 2 11535 6599 
1 3 11535 15178 15177 
1 4 11535 11521 553 3509 
1 5 11521 539 9550 11508 9525 
1 3 9525 6572 3552 
1 4 11465 9495 11508 9525 
1 4 3509 9478 3671 11596 
1 4 11465 11616 9631 6657 
1 4 6657 9597 11565 9737 
1 5 11596 629 11582 595 11565 
1 4 3898 6865 854 9764 
1 6 3898 3899 897 899 11819 11821 
1 2 899 3899 
1 3 3898 6915 9853 
1 3 11821 9813 3816 
1 6 3816 11737 798 871 9896 6906 
1 7 3816 813 11766 9785 6993 14962 9767 
1 7 9767 3858 9852 11742 888 3835 11884 
1 3 11884 6856 6906 
1 3 11884 9889 4098 
1 5 14961 3938 858 11863 9778 
1 7 9778 6832 3810 879 9891 7098 7183 
1 3 7183 4080 9815 
1 4 7183 10094 10009 9979 
1 5 11805 3861 799 6924 9817 
1 5 758 3761 6764 9719 14875 
1 4 3727 726 3729 14875 
1 5 3729 6749 9703 11688 740 
1 8 9767 14961 3794 939 3874 6907 920 3727 
1 7 11773 11874 11755 9863 6891 3838 9851 
1 4 3898 6931 943 6766 
1 5 6766 3948 9723 6960 9898 
1 6 6766 11702 6775 11720 11565 9737 
1 4 9898 11877 11849 11834 
1 4 11834 911 3928 9909 
1 3 9523 11491 3506 
1 5 9523 9725 6518 6688 11611 
1 4 3506 3669 680 3652 
1 3 3652 3650 641 
1 3 641 9590 6613 
1 3 11611 3655 6651 
1 4 6651 6648 9593 590 
1 4 6651 3621 6618 3771 
1 3 9590 3589 6784 
1 3 6784 11573 778 
1 4 778 6609 611 6780 
1 3 6780 770 9909 
1 5 6788 771 9741 11730 6780 
1 3 3780 3773 6788 
1 4 3773 3976 9752 6606 
1 4 11584 14578 628 6626 
1 2 14578 14577 
1 4 14577 9582 11734 6606 
1 2 11734 9752 
1 4 9523 9534 6569 485 
1 7 485 11420 9500 11548 575 11483 6504 
1 6 671 11615 11598 9598 3604 14577 
1 6 11598 6675 11587 6661 9584 3780 
1 4 6606 6985 11889 9907 
1 5 6788 6973 13255 1616 9907 
1 6 9907 9879 3885 15074 11751 9904 
1 5 9904 15073 923 9826 819 
1 8 819 15103 15101 3958 6843 9784 15102 11837 
1 8 15101 851 3968 10027 3901 12066 9990 4159 
1 3 4159 15099 14589 
1 5 15099 1156 3857 15098 10074 
1 4 3501 13070 13729 11333 
1 3 11333 507 6489 
1 3 377 3241 3369 
1 6 13728 6526 540 3463 3422 6489 
1 3 3369 6351 6489 
1 16 11333 9239 9268 11279 6237 6318 6268 6335 6399 11332 11218 6320 9383 6385 11161 6046 
1 2 9297 11279 
1 4 6318 9379 9315 11297 
1 2 6318 6384 
1 2 3273 9383 
1 2 9383 9392 
1 5 3273 6395 9237 6350 3379 
1 4 3379 3242 3359 11293 
1 4 351 9397 219 11332 
1 6 9347 3368 3231 13764 11366 11251 
1 2 13763 3231 
1 7 11251 15075 3325 3260 6393 14841 6287 
1 3 3277 15075 3325 
1 4 3277 6364 6235 394 
1 2 6287 9279 
1 6 9279 11376 6120 11160 11327 11215 
1 6 9279 14406 6345 9362 6412 3307 
1 2 3307 383 
1 3 11215 363 242 
1 4 242 6148 11289 9393 
1 2 9393 11380 
1 3 9209 9308 9393 
1 2 11380 9308 
1 5 9308 9109 11188 161 6050 
1 4 6050 9149 3182 11091 
1 3 11164 11125 9147 
1 18 9147 6125 6165 9108 6083 6161 9220 11067 3113 182 9088 130 205 9151 11040 11147 3045 11091 
1 9 9209 6164 9054 11114 9138 179 6160 11078 6115 
1 13 6050 11163 35 3106 6084 13610 3141 11114 9138 179 6160 11078 6115 
1 3 6115 14 9174 
1 8 9174 3129 6151 6072 9196 3049 6176 53 
1 7 6136 9135 11135 27 144 9103 6115 
1 5 6136 6114 11113 6118 3022 
1 9 3048 3088 3126 6187 6041 107 9132 6038 3022 
1 6 6814 13608 11842 922 14116 9833 
1 2 9833 11829 
1 18 4109 13639 1109 976 3864 13642 3973 3844 10163 11818 3936 9930 11774 13646 11905 3893 6895 9833 
1 6 3864 11895 13643 3914 914 11767 
1 6 11767 3884 9914 9780 3896 9809 
1 2 9874 3882 
1 4 11887 11868 13609 949 
1 2 11895 1205 
1 6 4109 3988 7211 4193 4078 11965 
1 2 4078 7211 
1 5 11784 9806 6871 11811 11829 
1 11 9941 14332 11917 10041 11796 3856 11831 909 3907 9901 11784 
1 13 11784 11747 9844 11839 11897 933 3935 960 3965 3979 9886 3714 11753 
1 6 11753 789 6991 12376 8134 12320 
1 2 6991 652 
1 3 652 9858 10399 
1 6 10399 9954 6919 6950 3903 3964 
1 2 960 6950 
1 7 3964 921 15176 11746 806 12029 14522 
1 2 12029 13228 
1 2 11746 886 
1 3 12029 3889 9893 
1 5 3964 3807 9861 869 6807 
1 3 1122 3788 940 
1 3 940 9755 6807 
1 4 11796 981 785 9921 
1 3 11831 3951 6871 
1 3 3851 11811 11829 
1 3 979 6938 9844 
1 2 6938 3982 
1 2 13348 11984 
1 3 13604 3526 11818 
1 7 9617 3636 3639 637 6652 11588 3796 
1 10 637 11605 6679 676 3694 6711 6714 9687 713 9706 
1 4 6711 3709 3696 11659 
1 2 713 3696 
1 4 679 9656 11644 11659 
1 3 679 646 9606 
1 5 9606 11592 9619 3665 6679 
1 3 11592 11657 6652 
1 3 13679 3707 13675 
1 5 13679 565 9716 6584 6761 
1 6 6761 11689 727 6731 11676 6714 
1 4 13675 13674 3704 687 
1 6 9617 674 11636 6706 3724 13675 
1 5 9619 11622 9640 6697 3696 
1 4 11644 11646 684 9660 
1 3 6739 9539 9692 
1 7 9692 541 11522 3537 555 3550 3581 
1 6 9570 15108 3485 494 15106 9421 
1 5 11399 6522 466 6604 3581 
1 3 3350 6373 6344 
1 5 6309 14612 9252 388 6558 
1 3 6309 9334 9361 
1 5 9361 11372 11316 9263 362 
1 3 3381 17 9532 
1 7 11349 6264 9242 6225 320 9234 11109 
1 9 6245 333 3176 3101 9177 11048 9060 11174 6095 
1 9 6380 14315 6348 3263 11300 11235 11284 6252 3335 
1 11 6380 14315 3391 3327 274 335 11254 9272 6387 3362 306 
1 12 6380 6414 9348 9282 9395 9266 9313 6279 3199 6398 6341 413 
1 2 3359 369 
1 4 10754 16312 1057 1060 
1 3 15026 16318 13058 
1 4 12149 7291 9601 4345 
1 3 12276 1341 4345 
1 13 7361 7644 7304 1424 4285 4342 1619 1338 12459 7462 3732 3712 6732 
1 5 4345 4417 10230 6719 7462 
1 8 12149 7433 1284 12291 4305 7379 12289 1424 
1 18 4305 12291 1284 7433 12149 1356 7807 10715 7683 10534 7810 4720 12698 7788 14205 12680 7758 12505 
1 19 12276 12205 10249 1299 4869 602 777 10718 4775 7899 1769 4875 1873 4790 12145 3721 12593 12663 10611 
1 10 10611 11440 10684 7787 4765 4877 4343 7853 4413 1408 
1 4 7315 10157 4428 1408 
1 16 1408 1393 4385 12231 10228 10548 1799 13202 13066 13203 10707 4848 13091 10679 12661 7884 
1 14 7315 7442 12155 12183 1414 4347 6665 781 6772 6745 6681 677 3678 9671 
1 9 3678 15208 13624 13625 6694 6876 1432 7667 4799 
1 4 7667 11814 1793 853 
1 9 1562 11757 9814 11859 3784 986 3840 9637 3677 
1 3 9671 3677 3678 
1 5 1562 12374 7986 10783 853 
1 6 853 7747 6897 1972 4975 12684 
1 9 1827 1658 7684 7764 4742 1740 850 1651 4799 
1 7 1827 7364 10535 4668 4865 10582 12535 
1 12 1827 12642 12570 4814 12024 7892 1352 7834 1564 1441 1621 4569 
1 7 4569 12305 10457 12497 7611 12368 9450 
1 5 3960 10861 5022 1927 12782 
1 5 12782 6987 5061 15002 12835 
1 8 12835 14998 1952 15048 15047 2011 15042 1965 
1 5 13089 15044 4887 12755 1965 
1 9 1965 15040 8089 10773 8236 12753 14981 10842 10886 
1 7 12753 14982 12867 14595 4904 14598 14599 
1 4 10886 14070 8017 12865 
1 9 12865 10728 14069 1988 12878 14065 4611 14044 1633 
1 8 14044 4624 14046 7617 7630 14047 14045 15085 
1 4 15085 15083 15063 2023 
1 6 2023 15062 15082 7993 1887 15081 
1 7 1887 15064 14935 14936 14939 8024 8113 
1 22 14936 10736 14933 10849 5214 13680 5008 14508 14513 14510 10874 2214 14493 2168 12959 5208 2218 10931 7476 8148 12334 10980 
1 4 10513 12479 8210 7476 
1 15 10513 5167 7553 8181 5156 12466 5110 1585 4575 12440 1613 10502 12453 10515 12364 
1 19 12364 1555 1568 1624 4643 1639 12494 12321 10981 12349 14635 14633 10953 12952 14614 5173 5201 5209 14613 
1 8 12349 14637 14640 12306 14645 2215 8229 650 
1 17 650 8222 5191 14626 8194 14630 12914 14631 11000 5171 12994 8231 14617 5131 10952 13195 5230 
1 9 5230 13086 14758 14760 14763 5202 14770 14767 12997 
1 15 12997 14774 10970 14781 14786 14340 14342 14346 8075 2007 2079 10790 15062 12872 15083 
1 3 10790 10747 15081 
1 10 14504 2175 8179 2178 2228 12933 5220 12999 10874 14510 
1 14 14504 10989 12961 10345 4617 8184 8197 12422 12903 12909 12938 8148 12334 10980 
1 8 3960 9920 5085 3875 3972 12893 10867 12684 
1 9 3960 10778 4577 12486 1500 12313 4507 4535 7552 
1 17 7552 7524 15003 7480 10520 15005 11942 7640 12325 1433 12381 1572 12439 866 10489 9834 1843 
1 8 12381 1480 10437 7118 3994 7527 4491 7138 
1 6 7138 7083 7045 11783 6943 788 
1 3 11830 3906 6732 
1 6 11830 9832 6909 9847 13353 3878 
1 5 3957 13209 6984 3824 6845 
1 4 6845 11782 6882 3878 
1 2 3957 873 
1 4 788 11738 3823 873 
1 15 873 11873 6958 9923 3802 11800 6705 3687 6707 11654 749 11695 722 9667 6710 
1 7 6710 6769 9684 11685 11641 6713 9450 
1 9 11654 734 3733 3747 6795 6778 6625 3778 12276 
1 2 1341 3778 
1 3 3778 4270 4345 
1 10 4569 7831 10586 12670 8083 10657 7791 7643 10495 7138 
1 15 1827 7780 11772 4871 10532 1753 3708 12586 10595 12667 4880 4772 1752 1870 4790 
1 7 12535 1789 10556 9616 12553 7865 12155 
1 8 12535 12651 1851 4857 10624 4863 3769 10611 
1 19 10696 12679 1733 1860 7825 7274 10652 4665 12631 10580 12563 4818 1876 7841 4750 10664 7769 7902 10596 
1 2 10596 7828 
1 4 7828 12681 10628 10631 
1 11 7828 7726 12608 12538 4795 12565 10714 1748 7746 7772 4881 
1 8 12565 4821 7691 1845 1730 4847 1724 4829 
1 6 4829 7616 4701 675 12192 12189 
1 8 12189 10466 681 9639 11765 9762 6989 957 
1 3 957 11879 6944 
1 14 6944 898 6822 3803 13281 3904 3981 6928 13279 848 13276 9981 12040 7125 
1 6 12192 12263 4290 10571 7868 1742 
1 6 1742 1755 1820 1322 12446 4576 
1 15 4576 12352 10444 7532 3962 9859 11847 9807 1165 7169 1024 4122 4000 993 1182 
1 2 1182 9998 
5 6 7798 10553 10581 1861 13709 7859 
5 3 7859 12435 12406 
5 7 12406 7520 7450 1611 10458 10445 7564 
5 17 7564 7535 7522 4481 12308 10475 10487 10460 4560 7566 12367 4520 10378 4505 10350 4648 1644 
5 4 1644 15323 1310 10505 
5 8 10505 1629 7627 4593 15545 15514 15493 15483 
5 6 15483 15482 15476 15475 15508 15507 
5 17 15507 15492 15499 15481 15474 15463 15465 15437 15433 15398 15403 15394 15388 15367 15375 15356 12151 
5 6 12151 7321 4301 10175 1298 2124 
5 6 2124 12162 10191 7293 2239 4273 
5 7 4273 15354 7654 12472 1209 14246 10135 
5 10 10135 7642 4434 4621 1425 10307 1398 10279 15469 15467 
5 10 15467 15515 15557 15580 15576 12165 4361 4320 12209 7308 
5 9 7308 10150 4381 15728 15781 15799 15824 15844 15870 
1 4 7308 12138 7440 10194 
5 7 15870 5589 15890 15895 15882 10313 12299 
5 8 15895 15928 15953 15975 15986 16011 16022 16033 
5 6 16033 16026 16027 16031 16040 16046 
5 2 16046 16051 
3 2 16051 16043 
5 14 16051 16056 16064 16072 16078 16083 1285 12109 1400 4363 1248 7229 10309 4379 
5 9 4379 10195 7280 12297 4397 10016 11936 10129 4075 
5 2 4075 4119 
5 12 4119 1157 7093 10004 1018 4023 10105 7039 9963 11938 14086 4189 
5 6 4189 1047 7108 4050 7067 9978 
1 2 7108 10062 
5 5 9978 9938 10093 10010 7071 
5 7 7071 11986 1166 4169 10069 7086 1055 
5 12 1055 4013 1168 10058 9974 7058 1096 11991 7191 4042 12076 7014 
5 5 7014 12052 10076 1089 4091 
5 8 4091 9953 12067 4031 1029 9971 4157 10119 
1 2 10000 10119 
5 10 10119 1184 12074 4089 12093 11944 4137 10068 11761 9843 
5 13 9843 11822 900 1052 3900 11886 6837 9835 11764 892 3970 6981 11835 
5 9 11835 912 9790 7171 7070 13276 9981 12040 7125 
5 22 7125 13290 10036 13289 12011 11912 7121 13287 4056 12060 13282 10011 7110 1025 11985 10052 1092 11946 7212 12031 14370 7072 
5 8 7072 11960 4142 10125 4069 7087 7157 9998 
3 4 16043 16029 16021 16004 
3 10 16004 15987 15974 15964 15947 15943 10285 7387 7371 13301 
4 5 13301 7371 12171 17127 12186 
4 4 12186 17126 10199 1306 
4 3 12186 17125 4282 
3 4 17126 4338 12243 7415 
1 4 7415 1404 10325 7231 
1 4 10194 7368 10382 10354 
1 4 10354 1460 4446 12126 
1 4 4446 10522 8360 4652 
1 4 8360 14257 12488 7658 
1 4 12168 10209 12343 10382 
1 2 15786 15781 
1 3 15758 1345 15781 
1 2 15828 15824 
1 4 10150 1274 1313 4320 
1 2 1313 12165 
1 3 1313 1274 12209 
1 2 12209 1313 
1 2 7308 1274 
1 2 10150 12138 
1 4 1274 4276 12165 15576 
1 2 1313 4276 
1 6 4276 12296 1401 15705 7384 15758 
1 6 7384 15714 15692 15696 4211 15683 
1 5 15557 15589 15630 15650 15683 
1 5 4312 1337 4371 7236 12144 
1 5 12144 1291 7342 1364 12215 
1 6 12215 1376 10297 4412 13305 7427 
1 5 7427 13303 4424 10313 12299 
1 3 1291 4297 1279 
1 5 1279 16002 16013 16010 16011 
1 7 16033 16044 3218 4341 4284 4223 13293 
1 4 4223 1423 1396 4401 
1 3 7376 10317 4223 
1 8 7376 7319 10177 13299 10134 1244 7225 7408 
1 11 7408 1427 7587 1315 7295 12125 1403 4336 4293 12127 1330 
1 4 1464 12332 1362 4397 
1 13 4293 1417 12256 4626 12449 12404 10386 7469 12464 4588 14993 14279 4318 
1 13 10386 14990 7163 11966 997 12010 9991 11968 11929 4162 2843 12050 4245 
1 5 15979 15971 15976 15960 15974 
1 4 7231 1252 15843 15823 
1 4 4216 12283 15936 15947 
1 5 5226 7299 4323 12196 15843 
1 14 15823 15785 15745 15703 15677 15660 15632 15585 15511 15457 15427 15384 15363 4273 
1 14 4273 15363 15401 15410 15455 15485 15564 15636 12280 8221 15765 14254 2222 4216 
1 4 5226 15854 2222 4216 
1 7 4216 12905 1208 1304 4279 15811 15804 
1 7 15804 15788 15756 15729 15696 4211 15683 
1 3 15765 15789 10282 
1 3 15789 1316 1304 
1 6 15549 15505 15461 2760 7223 7642 
1 2 15467 7381 
1 3 4608 10479 12472 
1 2 1209 10479 
1 2 15485 15530 
1 4 15636 15599 7296 1225 
1 4 15677 15643 15591 15542 
1 4 15389 15374 15360 2124 
1 4 15806 15797 15802 15823 
1 3 15806 1098 4307 
1 4 10153 10197 15853 15827 
1 5 15827 15772 7369 15725 15687 
1 8 15687 15641 15592 15539 15491 15440 15397 15388 
1 5 15542 15480 15446 15408 15389 
1 4 15542 15577 15531 10263 
1 3 5515 10450 12444 
1 6 10263 4349 15496 15497 15538 12444 
1 4 12444 15543 10222 15539 
1 5 15687 15665 15654 15646 7557 
1 3 7557 15638 15655 
1 8 15655 15656 15647 10409 15617 15607 15623 15633 
1 6 10409 15675 15699 15717 7512 10436 
1 8 15655 1574 15701 15735 15750 15777 7413 1419 
1 5 15633 15595 15573 7269 15545 
1 5 4593 8235 7570 10396 12371 
1 3 12371 10423 12400 
1 4 12123 10147 12484 1310 
1 8 4332 1301 1329 10251 12237 12931 1222 12123 
1 3 10248 10231 10260 
1 8 10231 7333 7305 4317 7409 1242 1222 12123 
1 4 12123 10954 11018 12400 
1 5 12123 10147 4635 1617 7627 
1 3 4635 12107 10954 
1 5 12371 10396 4552 4509 7542 
1 9 12400 12428 7614 12154 12193 7365 10251 1329 1301 
1 3 15507 15555 15617 
1 3 15427 15426 15410 
1 4 6999 1893 2030 12274 
1 18 2030 5048 15189 7418 7406 5092 1603 1004 9958 1139 7074 1169 7092 10003 10022 1134 11761 9843 
1 6 9843 6904 1590 828 12403 7048 
1 21 9843 6904 1590 14794 12432 10424 4525 2087 10629 12880 7803 10899 4783 7727 1778 4843 14860 4704 10839 14861 12656 
1 9 5033 7926 2010 1943 2074 5736 10614 15194 12656 
1 13 5033 14330 5080 4964 8104 12837 1918 9966 4375 10132 12767 15187 12274 
1 3 10132 1367 4925 
1 3 11972 4431 6999 
1 2 1010 4431 
1 3 1010 10763 10616 
1 5 11972 5072 12841 1319 7446 
1 3 7446 4501 1522 
1 5 1522 12319 10075 12075 4075 
1 6 1522 12392 12433 4613 7356 1464 
1 8 7408 10250 12195 4582 12373 12360 7516 1464 
1 5 4318 5102 4407 12724 12837 
1 3 4407 10856 8104 
1 6 10616 4532 12436 4134 7650 7137 
1 6 7137 11926 15006 10105 7135 11981 
1 5 11981 7135 4160 1070 11990 
1 10 1047 11941 10080 9970 9982 12350 7502 12483 10517 7101 
1 2 7097 12483 
1 5 7097 1640 11988 7653 3992 
1 3 4619 4631 11988 
1 7 4619 9959 4203 10017 11994 1146 11913 
1 4 11913 4001 1089 4091 
1 9 9958 10364 7540 10434 12426 10462 7167 12467 4631 
1 4 7101 14793 4130 12467 
1 7 7101 7434 7201 12414 4041 15182 1893 
1 3 4041 15186 15189 
1 3 1976 4256 7406 
1 2 12156 1976 
1 5 4174 1519 4634 1180 1139 
1 5 12156 1647 556 6638 1630 
1 10 1630 12732 10490 2053 10750 10796 10834 10865 10315 1943 
1 6 2010 12801 5042 8112 14852 2015 
1 5 2015 10885 7790 4709 12656 
1 6 12583 1825 4316 1766 5016 2015 
1 4 7048 12331 13895 13896 
1 7 7727 4786 13898 13906 1728 4697 10623 
1 9 13896 13902 1787 13904 10704 13912 1798 13931 10623 
1 8 10623 13949 1791 13953 15205 1810 10661 10664 
1 5 13902 12612 7752 13923 13929 
1 4 13929 13918 4732 13912 
1 6 13923 4801 12605 13948 7676 1791 
1 15 4238 4309 1276 1303 12170 1360 7410 1429 12294 12179 10264 13008 475 4523 1517 
1 10 12333 7491 13220 7560 5003 4549 14692 756 12722 1384 
1 4 4174 4469 1438 12432 
1 7 1630 3742 8081 10854 1959 4960 2087 
1 6 1630 2022 14796 12882 531 12767 
1 15 8081 1458 7314 1531 1519 4538 4058 1169 9987 10072 4037 12015 4181 1124 1029 
1 7 3992 4038 7054 10012 4070 9972 7086 
1 7 9970 11945 4081 4053 7099 12084 7071 
1 12 4053 1006 10084 1138 4113 10012 1066 7007 1125 7104 1171 11994 
1 10 11994 7222 7094 11916 10040 9995 7085 7025 10043 12015 
1 2 10043 10072 
1 4 7085 10098 7656 1139 
1 7 1603 4547 7019 7596 1612 12086 14793 
1 6 1603 6932 5007 8049 12356 1458 
1 2 8049 12156 
1 4 2053 5100 10770 10899 
1 4 10834 8018 14800 4964 
1 6 5033 2098 5018 1996 14328 14279 
1 2 2010 1991 
1 4 2098 13978 8010 12338 
1 11 12338 1656 10878 13983 13984 4386 8082 8114 5002 11955 2086 
1 9 11955 5157 14812 14814 1129 12884 7273 14322 5042 
1 3 1991 10910 13984 
1 5 12724 8126 4937 4559 1319 
1 4 4501 1653 1884 4532 
1 8 4532 7549 7521 4480 12053 10377 7159 12350 
1 8 4480 10404 7168 4152 1087 12077 14744 9963 
1 5 4480 10335 10006 4896 12414 
1 13 10474 4009 7580 10446 10434 9937 4079 11916 1001 4005 4123 4082 12067 
1 5 4205 14742 1200 4186 10000 
1 3 1200 7105 1184 
1 7 11948 10110 4126 7175 7204 1100 7125 
1 6 9835 3934 6852 4514 12478 10429 
1 9 13621 4572 4642 9831 846 6893 9788 3934 9835 
1 7 15229 1150 6851 6918 9854 836 6981 
1 6 11764 964 3783 6851 1150 15229 
1 9 3970 6860 9848 3949 9803 11781 9899 13281 11878 
1 3 11878 3852 3981 
1 5 11781 6905 9866 1567 4572 
1 7 13621 4503 7582 4506 12618 7873 4809 
1 2 7848 4809 
1 3 7848 10678 1845 
1 7 10429 10363 12348 1608 12448 4612 7048 
1 9 9843 3955 9768 10331 6937 6988 10499 3978 10429 
1 7 9843 6904 10397 828 7545 4612 12448 
1 9 9843 4140 12026 7109 4190 12062 4538 12344 4174 
1 4 12448 1796 13901 13902 
1 6 12880 10629 1853 10632 13899 13904 
1 3 10839 12671 7808 
1 7 7808 1855 10695 13917 12675 13928 4697 
1 6 1918 10903 14797 12815 14802 10490 
1 9 8018 14799 8104 7988 10903 10787 1257 5193 531 
1 4 4925 8026 15183 6999 
1 5 4925 15181 1395 12819 5072 
1 5 12819 2067 4999 12837 12724 
1 9 4559 7965 7976 5009 4210 1170 7562 1492 10386 
1 12 1330 10154 10283 10344 1333 1014 14985 12090 7122 997 14336 9991 
1 10 1464 1507 10356 7531 7492 1253 14984 4293 12127 1330 
1 6 3992 4083 7172 7199 1053 4081 
1 3 1125 10014 11991 
1 4 10072 1069 1084 12093 
1 3 11944 11996 10003 
1 2 10474 7019 
1 2 10474 7596 
1 4 4256 4167 2091 12274 
1 6 10796 7997 12596 12820 14845 4843 
1 5 5080 12899 14798 4914 10865 
1 2 14798 2010 
1 4 10885 12864 10911 2010 
1 12 12656 14865 14868 12737 15199 14873 10713 10531 1779 4803 1297 10652 
1 7 7798 4776 12932 12924 12910 7567 10925 
1 12 7567 5225 2186 8220 5183 5197 12948 10950 10997 10949 7608 4630 
1 5 12948 2191 12976 12962 10997 
1 8 10950 8237 1478 1454 12339 4415 10288 12246 
1 9 1454 4441 4462 7481 1514 12957 2166 12354 10378 
1 3 7608 12912 8152 
1 14 4332 12222 7352 7324 10206 10166 7251 4421 10234 1358 4378 12265 4252 1370 
1 18 4241 7445 12217 12160 12188 1293 4269 1224 16089 7307 16093 4228 12279 1372 16103 10236 7323 7351 
1 4 7423 1368 16090 7307 
1 6 7323 10165 4423 7325 10298 4101 
1 6 7110 4164 11925 12006 1183 4102 
1 3 4122 1117 9952 
1 5 998 10032 7102 4172 10125 
1 4 7072 7113 9965 4094 
1 6 4094 4179 7046 10092 11925 12006 
1 4 14372 1167 4197 7212 
1 3 7016 993 1182 
1 3 7016 4118 1024 
1 3 1182 4188 4184 
1 4 11948 12085 1054 13282 
1 29 2086 14951 14950 10807 2036 14243 14980 14976 4950 10030 14540 10511 12114 1275 4365 1430 10152 12180 10278 10149 12164 1381 4416 7265 10201 14063 10287 1213 14061 
1 16 4245 4204 1444 12452 1637 10471 14240 10332 7938 14241 4045 2947 5086 10794 14951 2086 
1 13 2086 14951 4915 2054 4971 1199 14978 7165 10527 7696 7207 14988 14987 
1 13 2086 14952 12868 14953 10066 9084 15129 4998 12717 12763 14915 10826 10781 
1 2 13220 15172 
1 9 15172 15174 1521 15138 15137 7602 8093 15130 10837 
1 10 7661 1536 12434 4473 4901 4609 4637 15133 15131 10837 
1 17 10781 14912 7916 14826 10896 14824 4893 12871 15155 15154 15160 8009 12748 15166 8093 15130 10837 
1 2 5073 12748 
1 3 12774 14382 5043 
1 4 5043 8066 10813 7847 
1 2 8098 7847 
1 9 7847 4990 7975 14386 14387 14390 14915 10826 10781 
1 4 2078 14684 14683 15215 
1 3 15215 8013 5043 
1 4 2078 14821 8053 12871 
1 6 10789 12769 14911 10737 14913 10781 
1 9 14299 5005 7953 15152 12756 5067 10922 15131 10837 
1 9 10837 15131 15164 8040 12773 829 78 7977 2004 
1 7 12046 12839 13321 10876 8001 13315 2004 
1 3 13315 15144 13313 
1 3 13313 13309 8085 
1 6 13313 16675 13585 10923 8118 13580 
1 4 13580 16666 12768 12702 
1 4 12702 10868 14709 8051 
1 9 8051 13292 16657 14705 16653 4521 5138 2048 7960 
1 5 7960 13247 10904 14710 8155 
1 4 10904 4993 13578 10760 
1 2 10760 8020 
1 5 8020 1947 13572 8002 13565 
1 5 13565 2103 13079 13558 2029 
1 6 2029 13554 13555 1973 13550 5074 
1 2 1973 10840 
1 6 10840 13557 13563 8073 13568 12883 
1 2 12883 5037 
1 4 12883 13576 2033 13579 
1 5 2033 8092 2095 1033 12101 
1 7 12101 4115 4017 7176 1086 1 13214 
1 4 4017 10089 4574 13350 
1 3 13350 7001 4486 
1 4 4111 7184 1901 4486 
1 3 7184 13225 4550 
1 5 13225 1072 14584 12473 13228 
1 10 14522 1088 10087 1108 792 13310 11919 11951 10907 4486 
1 8 11919 15020 1065 1201 4206 13214 1086 1 
1 2 1 13214 
1 8 1 1086 11970 13351 4161 11979 9947 4073 
1 4 4073 7011 4055 4143 
1 2 7011 4143 
1 5 7011 10073 12091 7164 4076 
1 5 4073 9947 11922 12073 10099 
1 3 4115 10104 13351 
1 4 12073 10002 1015 4115 
1 5 4574 4562 15115 8101 10901 
1 4 4574 14667 4440 10815 
1 5 10815 13591 13317 14668 13321 
1 4 14584 7671 14586 6883 
1 11 6883 1606 14583 2013 14580 13226 12413 12855 13324 13328 12046 
1 2 14669 12855 
1 2 14666 13317 
1 7 3916 13338 8123 13334 12866 3795 12046 
1 4 13335 13340 13339 13338 
1 7 3916 13346 5014 7604 1636 8134 12320 
1 3 7604 1822 12861 
1 4 12861 12793 14974 4901 
1 3 14974 4473 12434 
1 3 14974 4825 14973 
1 3 14299 10797 12832 
1 5 10797 15139 7982 1986 2039 
1 4 2039 13082 10782 12774 
1 5 15154 10759 15094 10913 15092 
1 3 15092 12863 7982 
1 4 15092 12780 8031 4966 
1 4 4966 4928 2026 5067 
1 2 78 13716 
1 3 13334 13333 13332 
1 4 8123 13337 6826 4943 
1 3 10768 15131 10837 
1 2 15132 15133 
1 2 14532 1636 
1 5 204 9183 165 11043 136 
1 8 3578 483 3477 3343 6366 9365 6275 11225 
1 6 121 3220 346 6269 357 3268 
1 7 121 6101 11039 6203 6122 3323 6245 
1 9 3268 11295 6362 3387 330 397 269 11248 9330 
1 4 9330 9266 6333 6262 
1 6 6262 11347 3236 382 11300 274 
1 4 274 401 366 11250 
1 10 12530 6192 16473 16463 16455 14834 16441 16436 14836 3338 
1 6 14834 16444 16449 16450 16462 16469 
1 2 9299 6275 
1 5 13580 16664 16663 12870 16638 
1 3 12870 16650 16630 
1 2 4143 7148 
1 4 12991 13421 13424 12840 
1 5 12840 13426 10818 13427 13430 
1 3 13430 13432 10891 
1 3 13432 13428 8094 
1 4 8094 1905 13431 5068 
1 2 5068 10777 
1 2 14606 13431 
1 3 15266 13503 13893 
1 2 14273 13503 
1 2 14273 13751 
1 11 14273 14274 5128 14275 13496 8124 10993 8182 8246 14266 13492 
1 3 12230 10636 13492 
1 2 10217 12230 
1 2 5564 10217 
1 2 5564 14404 
1 4 14404 14271 14263 10993 
1 5 14263 13497 14249 13499 14096 
1 4 14096 13882 13894 13751 
1 2 8124 13497 
1 3 14404 14270 14269 
1 2 14269 14249 
1 2 14096 14268 
1 3 10217 13355 14404 
1 3 5564 14265 8246 
1 2 12230 2200 
1 2 10217 12956 
1 4 14096 14272 13500 14275 
1 3 13751 13503 13893 
1 2 13893 5222 
1 3 13882 13502 13751 
1 3 13894 13752 14274 
1 3 13894 13501 14272 
1 4 14272 14262 11015 13497 
1 2 14265 14271 
1 3 13396 8178 7900 
1 4 12692 13380 4822 13383 
1 3 13383 15226 4556 
1 4 4556 13390 13394 13396 
1 3 13409 13406 13404 
1 2 13404 7900 
1 5 1509 13387 13388 5231 13383 
1 4 12692 13379 13381 10415 
1 2 12692 13374 
1 2 13383 13378 
1 2 4556 7576 
1 2 13393 4556 
1 4 13393 12064 10400 13409 
1 6 1509 13397 13398 10442 13442 13443 
1 2 10442 10415 
1 3 13443 13446 13448 
1 4 13448 13447 13450 13454 
1 3 13450 13452 4879 
1 5 4879 10957 13458 13463 15220 
1 4 4879 13456 13455 13459 
1 4 13459 13464 15217 14350 
1 4 13464 13469 13465 15220 
1 2 14349 14350 
1 7 13533 13529 7605 13477 13476 13412 13409 
1 3 13533 2151 7842 
1 4 13533 13536 13540 13543 
1 2 13542 13543 
1 4 13535 15236 13531 7605 
1 2 15244 13535 
1 3 15236 15237 15235 
1 2 13470 13471 
1 4 13471 13472 8214 13476 
1 2 13470 13398 
1 4 13529 1688 5106 13412 
1 2 10415 13386 
1 2 13381 13377 
1 4 13388 13392 13399 13393 
1 4 13399 13402 13405 13472 
1 4 7900 2171 10566 15231 
1 3 10566 13413 1688 
1 2 15265 15269 
1 7 15269 15257 15251 5155 2120 14264 5177 
1 2 5155 12950 
1 7 15313 15306 15295 2217 2159 12908 12950 
1 4 15313 8201 15369 2196 
1 2 10929 13540 
1 3 5158 14364 8248 
1 3 8248 14365 15383 
1 5 2115 10968 8219 15376 8248 
1 4 2115 13806 13809 14453 
1 5 14453 5117 12925 8054 15383 
1 19 15894 15880 15868 12847 1950 15867 15849 15818 15831 7219 15710 14460 14458 14453 5117 12925 14448 10968 2115 
1 7 14453 12945 14442 4128 14446 2024 14439 
1 4 14442 10025 14362 15321 
1 4 14051 12504 15274 5221 
1 5 5221 15281 15283 14056 15298 
1 2 14056 15301 
1 5 14051 10538 14049 15254 15259 
1 2 14049 13467 
1 2 4735 15259 
1 9 15259 15264 15278 14352 1552 14355 14357 14361 5158 
1 4 1552 15302 14359 15321 
1 2 15275 14355 
1 4 14356 15287 14048 15278 
1 3 14356 15293 14431 
1 4 14051 15279 15282 697 
1 2 191 12504 
1 6 191 15294 15299 15309 10594 15322 
1 3 15285 15291 15301 
1 3 5221 14053 15285 
1 3 14053 15284 191 
1 3 15346 15332 15322 
1 3 15346 15368 15411 
1 4 15411 15415 15466 15562 
1 3 15868 14468 15791 
1 2 15867 15892 
1 2 15867 15874 
1 5 15874 15885 10883 14477 12824 
1 4 15894 14476 7133 8223 
1 5 15791 1181 4941 7161 15562 
1 5 15671 8016 15658 15661 14455 
1 2 14437 14439 
1 4 14050 5199 14052 15274 
1 4 15346 15332 1846 16495 
1 2 16495 14101 
1 6 14101 14099 14102 12911 15419 2196 
1 3 15325 15327 15336 
1 4 15336 14097 8205 2196 
1 5 10932 14110 15494 15409 14101 
1 3 2196 8183 5224 
1 11 8183 5210 14034 14037 10761 13418 11014 8164 13420 10928 12991 
1 2 14037 12927 
1 3 14037 6020 1939 
1 5 1939 14041 14042 12929 12989 
1 4 14114 4171 14109 10932 
1 2 14109 15494 
1 5 10932 11017 14113 10860 1939 
1 3 14113 14038 14042 
1 4 14114 14027 14029 12989 
1 3 14029 14032 7133 
1 3 2034 14478 15894 
1 4 15965 15980 14481 15996 
1 5 14481 15972 15948 2073 15892 
1 5 6039 5036 15913 8244 13771 
1 7 13771 5139 13772 8207 13765 12975 2115 
1 8 14458 15744 15778 13770 10948 15914 5036 6039 
1 3 12824 13818 13820 
1 8 13820 13817 15950 16307 13774 13775 5036 6039 
