1 525 
1 636 
1 692 
1 949 
1 1182 
1 1330 
1 1419 
1 1843 
1 2050 
1 2086 
1 2196 
1 3151 
1 3152 
1 3320 
1 3501 
1 3529 
1 3544 
1 3552 
1 3878 
1 4046 
1 4075 
1 4076 
1 4109 
1 4189 
1 4273 
1 4320 
1 4879 
1 6050 
1 6115 
1 6287 
1 6332 
1 6380 
1 6384 
1 6488 
1 6521 
1 6613 
1 6710 
1 6999 
1 7014 
1 7048 
1 7072 
1 7125 
1 7308 
1 7798 
1 7859 
1 9340 
1 9347 
1 9357 
1 9427 
1 9523 
1 9617 
1 9621 
1 9627 
1 9660 
1 9671 
1 9767 
1 9833 
1 9843 
1 9904 
1 9914 
1 9998 
1 10125 
1 10737 
1 10754 
1 10837 
1 11105 
1 11333 
1 11370 
1 11542 
1 11581 
1 11586 
1 11666 
1 11784 
1 11805 
1 11899 
1 11913 
1 12025 
1 12123 
1 12186 
1 12209 
1 12299 
1 12406 
1 13409 
1 13648 
1 14038 
1 14051 
1 14087 
1 14199 
1 14273 
1 14350 
1 14453 
