state={
	id=1705
	name="STATE_1705"
	provinces={
		232 275 313 340 367 396 413 433 437 471 487 510 518 544 578 579 3221 3266 3304 3332 3360 3389 3426 3465 3504 3518 3527 3539 3555 3566 3578 3582 6317 6328 6341 6353 6369 6382 6398 6428 6450 6454 6492 6494 6506 6528 6539 6553 6563 6587 6602 9245 9312 9326 9339 9352 9367 9380 9394 9422 9436 9448 9460 9464 9475 9502 9529 9564 11227 11258 11296 11323 11351 11381 11408 11423 11436 11449 11451 11485 11512 11540 11551 11555
	}
	history = {
		owner = SOV
		add_core_of = SOV
		buildings = {
		
		}
	}
	buildings_max_level_factor=1.000
	local_supplies=0.000
    manpower=1
    state_category = rural
}
