state={
	id=1706
	name="STATE_1706"
	provinces={
		208 257 286 297 324 326 330 345 353 376 380 392 483 3196 3197 3224 3246 3257 3269 3276 3282 3285 3302 3303 3316 3317 3322 3334 3343 3352 3371 3372 3383 3477 6226 6248 6253 6275 6284 6291 6294 6299 6302 6312 6327 6329 6337 6343 6357 6366 6374 6391 6394 6409 6410 9244 9258 9259 9276 9286 9298 9307 9324 9325 9338 9344 9354 9360 9373 9376 9407 9409 11240 11243 11262 11269 11277 11292 11308 11309 11324 11335 11344 11356 11363 11364 11373 11375 11393 11394
	}
	history = {
		owner = SOV
		add_core_of = SOV
		
		victory_points = { 11375 5 }
buildings = {
		
		}
	}
	buildings_max_level_factor=1.000
	local_supplies=0.000
    manpower=1
    state_category = rural
}
