state={
	id=1714
	name="STATE_1714"
	provinces={
		12 23 73 112 119 135 175 196 228 256 260 270 282 325 368 372 404 3004 3017 3066 3087 3103 3112 3135 3167 3186 3245 3251 3261 3315 3349 3361 3365 3394 6089 6110 6112 6113 6119 6149 6158 6180 6190 6191 6213 6224 6307 6338 6372 6383 6403 9033 9043 9050 9065 9133 9136 9172 9180 9200 9210 9222 9270 9280 9291 9305 9336 9358 9368 9381 9390 9402 11027 11035 11075 11134 11149 11158 11180 11192 11255 11263 11275 11286 11340 11354 11387
	}
	history = {
		owner = SOV
		add_core_of = SOV
		buildings = {
		
		}
	}
	buildings_max_level_factor=1.000
	local_supplies=0.000
    manpower=1
    state_category = rural
}
