state={
	id=490
	name="STATE_490"
	provinces={
		2007 2198 4816 5083 5216 7827 8050 8075 8149 8160 8185 8191 8213 8254 10792 10888 10934 10960 12729 12770 12825 12869 12917 12919 12965 13083 14340 14342 14346 14494 14496 14497 14498 14499 14501 14505 14506 14507 14509 14511 14512 14514 14515 14602 14603 14769 14771 14775 14778 14784 14785 14786 14788 14789 14904 14930 14931 15052 15053 15054 15055 15056 15057 15209 15210 15211
	}
	history = {
		owner = BRA
		add_core_of = BRA
		buildings = {
		
		}
	}
	buildings_max_level_factor=1.000
	local_supplies=0.000
    manpower=1
    state_category = rural
}
